[gd_scene load_steps=11 format=3 uid="uid://dep5q7xcgh8xr"]

[ext_resource type="PackedScene" uid="uid://d0ereve26iabh" path="res://scenes/flat/assets/flat.blend" id="1_y7ubd"]
[ext_resource type="PackedScene" uid="uid://50cf04m074fu" path="res://objects/cameraroomconstraint/cameraroomconstraint.tscn" id="2_qdykt"]

[sub_resource type="BoxShape3D" id="BoxShape3D_iiy2v"]
size = Vector3(7.86655, 7.5462, 3.58001)

[sub_resource type="BoxShape3D" id="BoxShape3D_gpxis"]
size = Vector3(5.00751, 7.5462, 1.77716)

[sub_resource type="BoxShape3D" id="BoxShape3D_ojj55"]
size = Vector3(1.30925, 7.5462, 1.44618)

[sub_resource type="BoxShape3D" id="BoxShape3D_4hg1p"]
size = Vector3(3.45504, 7.5462, 3.95786)

[sub_resource type="BoxShape3D" id="BoxShape3D_l7wb5"]
size = Vector3(3.52325, 7.5462, 1.6989)

[sub_resource type="BoxShape3D" id="BoxShape3D_gorao"]
size = Vector3(1.67349, 7.5462, 1.8631)

[sub_resource type="BoxShape3D" id="BoxShape3D_76ewo"]
size = Vector3(1.66099, 7.5462, 0.968225)

[sub_resource type="BoxShape3D" id="BoxShape3D_njd6n"]
size = Vector3(3.13591, 7.5462, 2.54184)

[node name="flat" instance=ExtResource("1_y7ubd")]

[node name="Cameras" type="Node3D" parent="." index="2"]

[node name="Hallway" parent="Cameras" index="0" instance=ExtResource("2_qdykt")]
transform = Transform3D(1, 0, 0, 0, 1, 0, 0, 0, 1, -0.633566, 0, 4.67625)
_targetNodeName = "Pepe"
_cameraTweenTime = 0.3

[node name="CollisionShape3D" parent="Cameras/Hallway" index="0"]
transform = Transform3D(1, 0, 0, 0, 1, 0, 0, 0, 1, 0.446762, -1.2269, -0.713471)
shape = SubResource("BoxShape3D_iiy2v")

[node name="Camera3D" parent="Cameras/Hallway" index="1"]
transform = Transform3D(1, 0, 0, 0, 1, 0, 0, 0, 1, 0.258773, 3.66384, -0.120303)

[node name="Hall" parent="Cameras" index="1" instance=ExtResource("2_qdykt")]
transform = Transform3D(1, 0, 0, 0, 1, 0, 0, 0, 1, 1.34151, 0, 1.01267)
_targetNodeName = "Pepe"
_cameraDistance = 100.0
_cameraTweenTime = 0.3

[node name="CollisionShape3D" parent="Cameras/Hall" index="0"]
transform = Transform3D(1, 0, 0, 0, 1, 0, 0, 0, 1, -0.317912, -1.2269, 0.0982435)
shape = SubResource("BoxShape3D_gpxis")

[node name="CollisionShape3D2" type="CollisionShape3D" parent="Cameras/Hall" index="1"]
transform = Transform3D(1, 0, 0, 0, 1, 0, 0, 0, 1, -2.20768, -1.2269, -1.6552)
shape = SubResource("BoxShape3D_ojj55")

[node name="Camera3D" parent="Cameras/Hall" index="2"]
transform = Transform3D(-3.63447e-08, 0.55557, -0.83147, 2.42847e-08, 0.83147, 0.55557, 1, 1.77636e-15, -4.37114e-08, -2.507, 3, 0.634)
fov = 60.0

[node name="Room" parent="Cameras" index="2" instance=ExtResource("2_qdykt")]
transform = Transform3D(1, 0, 0, 0, 1, 0, 0, 0, 1, 1.81828, 0, -2.09811)
_targetNodeName = "Pepe"
_cameraDistance = 100.0
_cameraTweenTime = 0.3

[node name="CollisionShape3D" parent="Cameras/Room" index="0"]
transform = Transform3D(1, 0, 0, 0, 1, 0, 0, 0, 1, -0.064823, -1.2269, 0.0830207)
shape = SubResource("BoxShape3D_4hg1p")

[node name="Camera3D" parent="Cameras/Room" index="1"]
transform = Transform3D(-0.707107, -0.5, 0.5, 0, 0.707107, 0.707107, -0.707107, 0.5, -0.5, 1.47067, 3, -1.74284)
fov = 60.0

[node name="Balcony" parent="Cameras" index="3" instance=ExtResource("2_qdykt")]
transform = Transform3D(1, 0, 0, 0, 1, 0, 0, 0, 1, 0.35835, 0, -4.60976)
_targetNodeName = "Pepe"
_cameraDistance = 100.0
_cameraTweenTime = 0.3

[node name="CollisionShape3D" parent="Cameras/Balcony" index="0"]
transform = Transform3D(1, 0, 0, 0, 1, 0, 0, 0, 1, 1.39681, -1.2269, -0.555076)
shape = SubResource("BoxShape3D_l7wb5")

[node name="Camera3D" parent="Cameras/Balcony" index="1"]
transform = Transform3D(0.707107, -0.5, 0.5, 0, 0.707107, 0.707107, -0.707107, -0.5, 0.5, 2.871, 3, 0.037)
fov = 60.0

[node name="Bathroom" parent="Cameras" index="4" instance=ExtResource("2_qdykt")]
transform = Transform3D(1, 0, 0, 0, 1, 0, 0, 0, 1, -2.5471, 0, 0.888967)
_targetNodeName = "Pepe"
_cameraDistance = 100.0
_cameraTweenTime = 0.3

[node name="CollisionShape3D" parent="Cameras/Bathroom" index="0"]
transform = Transform3D(1, 0, 0, 0, 1, 0, 0, 0, 1, 0.0136456, -1.2269, 0.146795)
shape = SubResource("BoxShape3D_gorao")

[node name="Camera3D" parent="Cameras/Bathroom" index="1"]
transform = Transform3D(0.707107, 0.5, -0.5, 0, 0.707107, 0.707107, 0.707107, -0.5, 0.5, -0.57931, 3, 0.877472)
fov = 60.0

[node name="WaterCloset" parent="Cameras" index="5" instance=ExtResource("2_qdykt")]
transform = Transform3D(1, 0, 0, 0, 1, 0, 0, 0, 1, -2.61656, 0, -0.705996)
_targetNodeName = "Pepe"
_cameraDistance = 100.0
_cameraTweenTime = 0.3

[node name="CollisionShape3D" parent="Cameras/WaterCloset" index="0"]
transform = Transform3D(1, 0, 0, 0, 1, 0, 0, 0, 1, 0.0599778, -1.2269, 0.00470948)
shape = SubResource("BoxShape3D_76ewo")

[node name="Camera3D" parent="Cameras/WaterCloset" index="1"]
transform = Transform3D(-4.37114e-08, 0.707107, -0.707107, 0, 0.707107, 0.707107, 1, 3.09086e-08, -3.09086e-08, -0.695, 3, -0.021)
fov = 60.0

[node name="Kitchen" parent="Cameras" index="6" instance=ExtResource("2_qdykt")]
transform = Transform3D(1, 0, 0, 0, 1, 0, 0, 0, 1, -2.01787, 0, -3.22336)
_targetNodeName = "Pepe"
_cameraDistance = 100.0
_cameraTweenTime = 0.3

[node name="CollisionShape3D" parent="Cameras/Kitchen" index="0"]
transform = Transform3D(1, 0, 0, 0, 1, 0, 0, 0, 1, 0.22776, -1.2269, 0.528332)
shape = SubResource("BoxShape3D_njd6n")

[node name="Camera3D" parent="Cameras/Kitchen" index="1"]
transform = Transform3D(-4.37114e-08, 0.707107, -0.707107, 0, 0.707107, 0.707107, 1, 3.09086e-08, -3.09086e-08, -1.198, 3, 0.586)
fov = 60.0

[editable path="Cameras/Hallway"]
[editable path="Cameras/Hall"]
[editable path="Cameras/Room"]
[editable path="Cameras/Balcony"]
[editable path="Cameras/Bathroom"]
[editable path="Cameras/WaterCloset"]
[editable path="Cameras/Kitchen"]
